Running with 64 threads
         0    1    2    3    4    5    6    7    8    9   10   11   12   13   14   15
    0    0  291  794  629  850  806  882  973  991  437 1238 1187  903  508  903 1179
    1  291    0  513  342  564  515  591  683  701  457  947  896  622  484  625  891
    2  794  513    0  175   69  167  182  300  312  883  492  464  371  866  391  503
    3  629  342  175    0  223  200  266  376  393  714  621  578  375  703  389  592
    4  850  564   69  223    0  139  127  239  250  912  423  395  329  890  351  436
    5  806  515  167  200  139    0   77  176  194  808  432  383  206  777  225  393
    6  882  591  182  266  127   77    0  119  134  882  357  312  207  847  229  332
    7  973  683  300  376  239  176  119    0   18  926  273  215  154  882  176  216
    8  991  701  312  393  250  194  134   18    0  943  255  197  165  898  186  199
    9  437  457  883  714  912  808  882  926  943    0 1196 1131  801   88  789 1087
   10 1238  947  492  621  423  432  357  273  255 1196    0   70  400 1147  415  159
   11 1187  896  464  578  395  383  312  215  197 1131   70    0  332 1081  347   98
   12  903  622  371  375  329  206  207  154  165  801  400  332    0  749   23  289
   13  508  484  866  703  890  777  847  882  898   88 1147 1081  749    0  736 1032
   14  903  625  391  389  351  225  229  176  186  789  415  347   23  736    0  298
   15 1179  891  503  592  436  393  332  216  199 1087  159   98  289 1032  298    0
shortest path [3226]:  0 9 13 14 12 15 11 10 8 7 6 5 4 2 3 1 0
elapsed time: 21.0280s
total CPU time: 0.1344s
